%YAML:1.0
---
Corner_0: !!opencv-matrix
   rows: 74
   cols: 2
   dt: i
   data: [ 144, 355, 128, 333, 118, 303, 106, 267, 94, 225, 68, 184, 51,
       157, 38, 139, 41, 126, 51, 124, 73, 148, 101, 181, 113, 193, 122,
       191, 126, 181, 117, 151, 111, 110, 103, 74, 106, 59, 114, 52, 125,
       59, 129, 75, 137, 111, 146, 135, 150, 157, 154, 168, 163, 163,
       165, 153, 164, 135, 166, 88, 168, 59, 170, 30, 178, 24, 189, 24,
       196, 34, 196, 48, 196, 73, 196, 107, 194, 149, 194, 163, 207, 157,
       225, 103, 233, 78, 241, 48, 247, 40, 257, 42, 263, 54, 260, 83,
       254, 110, 250, 131, 244, 151, 240, 174, 238, 198, 241, 210, 254,
       234, 266, 234, 295, 210, 332, 188, 348, 191, 355, 201, 355, 206,
       346, 214, 326, 225, 315, 239, 293, 266, 279, 288, 260, 307, 246,
       325, 236, 334, 220, 341, 205, 345, 187, 347, 167, 350, 154, 354 ]
nwilayah: 1
