%YAML:1.0
---
TabelMat: !!opencv-matrix
   rows: 160
   cols: 5
   dt: i
   data: [ 0, 388, 179, 73, 84, 1, 116, 156, 126, 118, 2, 369, 273, 90,
       85, 3, 327, 215, 104, 106, 4, 223, 81, 91, 83, 5, 229, 249, 100,
       102, 6, 224, 243, 99, 103, 7, 247, 78, 71, 75, 8, 303, 454, 122,
       118, 9, 201, 50, 101, 109, 10, 253, 302, 99, 90, 11, 215, 373,
       133, 133, 12, 101, 371, 133, 168, 13, 220, 221, 95, 116, 14, 300,
       302, 98, 88, 15, 231, 249, 96, 95, 16, 334, 409, 117, 114, 17,
       256, 303, 95, 87, 18, 213, 60, 83, 78, 19, 207, 257, 141, 137, 20,
       207, 70, 88, 86, 21, 224, 256, 91, 96, 22, 264, 439, 112, 118, 23,
       251, 457, 112, 109, 24, 164, 380, 83, 96, 25, 86, 406, 109, 110,
       26, 249, 301, 96, 89, 27, 58, 278, 129, 147, 28, 232, 249, 108,
       110, 29, 361, 312, 104, 116, 30, 121, 482, 135, 132, 31, 256, 431,
       161, 144, 32, 327, 402, 114, 120, 33, 324, 274, 87, 79, 34, 227,
       226, 117, 121, 35, 210, 276, 106, 87, 36, 393, 93, 101, 106, 37,
       207, 135, 80, 76, 38, 179, 23, 92, 95, 39, 222, 259, 95, 94, 40,
       218, 30, 82, 85, 41, 239, 241, 91, 89, 42, 284, 218, 100, 101, 43,
       209, 293, 94, 85, 44, 260, 128, 107, 103, 45, 328, 364, 84, 95,
       46, 312, 75, 92, 89, 47, 228, 458, 115, 122, 48, 402, 203, 103,
       101, 49, 226, 54, 88, 88, 50, 255, 53, 88, 85, 51, 415, 260, 101,
       106, 52, 234, 94, 74, 65, 53, 409, 220, 100, 107, 54, 64, 230,
       152, 171, 55, 129, 60, 111, 98, 56, 362, 230, 116, 116, 57, 130,
       212, 79, 96, 58, 341, 83, 112, 110, 59, 289, 170, 108, 110, 60,
       187, 100, 92, 89, 61, 255, 454, 151, 126, 62, 376, 181, 116, 136,
       63, 351, 190, 141, 125, 64, 323, 178, 126, 147, 65, 231, 244, 97,
       98, 66, 224, 244, 111, 99, 67, 238, 250, 97, 100, 68, 272, 427,
       84, 94, 69, 343, 129, 120, 127, 70, 315, 437, 116, 101, 71, 238,
       252, 90, 90, 72, 371, 196, 111, 123, 73, 283, 148, 112, 107, 74,
       333, 221, 163, 145, 75, 230, 251, 88, 91, 76, 281, 445, 88, 89,
       77, 173, 177, 99, 96, 78, 294, 487, 102, 93, 79, 361, 175, 127,
       130, 80, 391, 85, 116, 104, 81, 239, 248, 99, 111, 82, 161, 90,
       81, 86, 83, 219, 440, 112, 113, 84, 181, 271, 90, 90, 85, 152,
       527, 137, 110, 86, 239, 265, 107, 95, 87, 234, 238, 97, 85, 88,
       169, 184, 68, 78, 89, 449, 148, 53, 73, 90, 353, 153, 80, 88, 91,
       385, 361, 128, 114, 92, 293, 293, 96, 88, 93, 251, 270, 97, 87,
       94, 270, 433, 111, 114, 95, 337, 207, 120, 134, 96, 341, 404, 108,
       102, 97, 339, 262, 118, 143, 98, 145, 282, 85, 87, 99, 166, 382,
       86, 93, 100, 353, 428, 99, 107, 101, 239, 251, 84, 88, 102, 391,
       215, 71, 85, 103, 179, 182, 95, 119, 104, 380, 125, 94, 100, 105,
       325, 49, 77, 84, 106, 264, 447, 104, 100, 107, 243, 247, 98, 100,
       108, 361, 76, 85, 84, 109, 199, 502, 181, 142, 110, 267, 439, 119,
       113, 111, 333, 365, 147, 167, 112, 257, 354, 90, 102, 113, 251,
       303, 94, 83, 114, 323, 366, 120, 111, 115, 332, 445, 144, 157,
       116, 292, 307, 86, 79, 117, 259, 70, 90, 83, 118, 42, 161, 91,
       100, 119, 415, 253, 107, 115, 120, 386, 125, 98, 107, 121, 222,
       394, 83, 94, 122, 64, 279, 102, 124, 123, 385, 130, 101, 119, 124,
       435, 283, 79, 93, 125, 339, 291, 98, 95, 126, 305, 402, 109, 105,
       127, 288, 420, 144, 147, 128, 354, 243, 93, 82, 129, 210, 255,
       108, 93, 130, 254, 480, 113, 126, 131, 222, 258, 107, 85, 132,
       266, 448, 133, 126, 133, 288, 290, 89, 86, 134, 228, 243, 106, 96,
       135, 370, 416, 124, 100, 136, 271, 156, 111, 92, 137, 343, 459,
       115, 96, 138, 231, 309, 88, 79, 139, 290, 444, 101, 97, 140, 288,
       79, 86, 88, 141, 405, 181, 117, 118, 142, 153, 67, 87, 84, 143,
       219, 248, 107, 95, 144, 216, 442, 154, 119, 145, 474, 165, 82,
       103, 146, 251, 58, 82, 87, 147, 269, 366, 117, 123, 148, 176, 471,
       129, 124, 149, 198, 366, 151, 127, 150, 276, 449, 144, 111, 151,
       259, 415, 168, 142, 152, 330, 146, 83, 73, 153, 255, 306, 138,
       137, 154, 218, 238, 116, 105, 155, 249, 164, 131, 109, 156, 246,
       214, 191, 188, 157, 231, 222, 103, 112, 158, 306, 396, 101, 105,
       159, 156, 209, 92, 110 ]
_index: !!opencv-matrix
   rows: 1
   cols: 160
   dt: i
   data: [ 0, 1, 2, 3, 4, 5, 6, 7, 8, 9, 10, 11, 12, 13, 14, 15, 16, 17,
       18, 19, 20, 21, 22, 23, 24, 25, 26, 27, 28, 29, 30, 31, 32, 33,
       34, 35, 36, 37, 38, 39, 40, 41, 42, 43, 44, 45, 46, 47, 48, 49,
       50, 51, 52, 53, 54, 55, 56, 57, 58, 59, 60, 61, 62, 63, 64, 65,
       66, 67, 68, 69, 70, 71, 72, 73, 74, 75, 76, 77, 78, 79, 80, 81,
       82, 83, 84, 85, 86, 87, 88, 89, 90, 91, 92, 93, 94, 95, 96, 97,
       98, 99, 100, 101, 102, 103, 104, 105, 106, 107, 108, 109, 110,
       111, 112, 113, 114, 115, 116, 117, 118, 119, 120, 121, 122, 123,
       124, 125, 126, 127, 128, 129, 130, 131, 132, 133, 134, 135, 136,
       137, 138, 139, 140, 141, 142, 143, 144, 145, 146, 147, 148, 149,
       150, 151, 152, 153, 154, 155, 156, 157, 158, 159 ]
