%YAML:1.0
---
TabelMat: !!opencv-matrix
   rows: 160
   cols: 5
   dt: i
   data: [ 0, 185, 244, 189, 190, 1, 194, 276, 175, 189, 2, 193, 292,
       187, 209, 3, 168, 275, 180, 186, 4, 270, 165, 125, 123, 5, 443,
       222, 86, 105, 6, 34, 210, 98, 99, 7, 267, 153, 111, 109, 8, 214,
       235, 182, 208, 9, 275, 159, 131, 145, 10, 242, 159, 138, 132, 11,
       102, 230, 109, 121, 12, 183, 213, 184, 195, 13, 435, 234, 107,
       107, 14, 227, 142, 110, 113, 15, 417, 219, 91, 95, 16, 181, 224,
       187, 214, 17, 224, 147, 115, 117, 18, 272, 178, 125, 127, -1, -1,
       -1, -1, -1, 20, 265, 149, 106, 115, 21, 267, 133, 106, 125, 22,
       180, 213, 202, 211, 23, 171, 235, 187, 187, 24, 50, 231, 95, 91,
       25, 162, 221, 201, 220, 26, 241, 135, 125, 130, 27, 403, 197, 139,
       144, 28, 412, 224, 102, 106, 29, 157, 197, 168, 174, 30, 134, 237,
       228, 215, 31, 202, 181, 176, 214, 32, 108, 173, 169, 171, 33, 237,
       152, 122, 115, 34, 36, 215, 111, 90, 35, 241, 134, 101, 114, 36,
       271, 125, 99, 119, 37, 131, 207, 110, 125, 38, 247, 151, 120, 130,
       39, 47, 217, 102, 102, 40, 278, 135, 103, 111, 41, 423, 203, 95,
       111, -1, -1, -1, -1, -1, 43, 271, 151, 115, 127, 44, 29, 238, 90,
       137, 45, 413, 211, 105, 103, 46, 241, 158, 125, 126, 47, 112, 210,
       222, 230, 48, 180, 204, 198, 205, 49, 282, 133, 120, 125, 50, 215,
       142, 116, 138, 51, 202, 267, 180, 200, 52, 241, 153, 127, 123, 53,
       189, 244, 210, 224, 54, 248, 227, 166, 172, 55, 226, 115, 133,
       140, 56, 66, 182, 149, 162, 57, 227, 151, 116, 129, 58, 227, 176,
       119, 132, 59, 163, 321, 176, 191, 60, 46, 214, 104, 110, 61, 210,
       252, 162, 164, 62, 170, 237, 197, 205, 63, 178, 263, 188, 202, 64,
       62, 136, 118, 156, 65, 438, 212, 96, 113, 66, 30, 218, 96, 118,
       67, 29, 223, 100, 109, 68, 416, 214, 95, 103, 69, 154, 241, 207,
       215, 70, 177, 244, 185, 190, 71, 411, 225, 109, 107, 72, 160, 230,
       201, 226, 73, 38, 208, 99, 102, 74, 268, 430, 164, 181, 75, 432,
       223, 93, 109, 76, 137, 219, 113, 124, 77, 216, 250, 204, 216, 78,
       205, 261, 196, 191, 79, 192, 246, 175, 166, 80, 245, 155, 120,
       138, 81, 431, 231, 91, 103, 82, 212, 164, 110, 111, 83, 168, 171,
       212, 230, 84, 217, 148, 119, 137, 85, 181, 279, 192, 207, 86, 50,
       195, 78, 121, 87, 428, 205, 99, 107, 88, 437, 211, 91, 108, 89,
       292, 124, 122, 138, 90, 192, 243, 159, 188, 91, 184, 208, 197,
       177, 92, 234, 149, 130, 126, 93, 258, 144, 129, 110, 94, 185, 218,
       187, 195, 95, 162, 248, 166, 183, 96, 157, 246, 189, 222, 97, 103,
       250, 155, 180, 98, 224, 161, 127, 133, 99, 44, 226, 100, 101, 100,
       133, 218, 216, 208, 101, 436, 213, 94, 118, 102, 171, 246, 200,
       208, 103, 275, 144, 122, 124, 104, 246, 243, 149, 149, 105, 219,
       131, 126, 141, 106, 169, 213, 205, 192, 107, 415, 202, 112, 111,
       108, 246, 140, 133, 129, 109, 147, 222, 237, 240, 110, 194, 232,
       161, 160, 111, 120, 194, 200, 222, 112, 310, 223, 100, 106, 113,
       203, 147, 119, 125, 114, 409, 213, 108, 103, 115, 166, 224, 172,
       196, 116, 202, 154, 133, 136, 117, 197, 150, 112, 118, 118, 164,
       210, 116, 122, 119, 198, 247, 223, 212, 120, 248, 152, 130, 126,
       121, 37, 210, 101, 102, 122, 405, 200, 120, 143, 123, 228, 151,
       130, 139, 124, 263, 154, 143, 123, 125, 255, 125, 151, 129, 126,
       195, 179, 210, 218, 127, 185, 204, 200, 189, 128, 279, 116, 122,
       120, 129, 391, 214, 119, 115, 130, 216, 204, 220, 220, 131, 388,
       215, 120, 116, 132, 164, 218, 212, 213, 133, 248, 149, 132, 122,
       134, 426, 222, 99, 109, 135, 180, 265, 198, 196, 136, 176, 248,
       191, 178, 137, 191, 264, 173, 199, 138, 200, 152, 135, 133, 139,
       153, 297, 161, 158, 140, 196, 157, 120, 128, 141, 226, 249, 187,
       198, 142, 234, 120, 120, 143, 143, 41, 203, 94, 113, 144, 204,
       215, 210, 207, 145, 228, 116, 113, 123, 146, 184, 136, 117, 125,
       147, 424, 200, 101, 115, 148, 209, 223, 214, 227, 149, 134, 220,
       118, 127, 150, 199, 264, 181, 184, 151, 150, 204, 201, 209, 152,
       302, 217, 109, 113, 153, 542, 262, 111, 129, 154, 35, 211, 113,
       100, 155, 185, 278, 185, 183, -1, -1, -1, -1, -1, 157, 436, 236,
       100, 98, 158, 435, 233, 86, 107, 159, 254, 157, 124, 126 ]
_index: !!opencv-matrix
   rows: 1
   cols: 160
   dt: i
   data: [ 0, 1, 2, 3, 4, 5, 6, 7, 8, 9, 10, 11, 12, 13, 14, 15, 16, 17,
       18, 19, 20, 21, 22, 23, 24, 25, 26, 27, 28, 29, 30, 31, 32, 33,
       34, 35, 36, 37, 38, 39, 40, 41, 42, 43, 44, 45, 46, 47, 48, 49,
       50, 51, 52, 53, 54, 55, 56, 57, 58, 59, 60, 61, 62, 63, 64, 65,
       66, 67, 68, 69, 70, 71, 72, 73, 74, 75, 76, 77, 78, 79, 80, 81,
       82, 83, 84, 85, 86, 87, 88, 89, 90, 91, 92, 93, 94, 95, 96, 97,
       98, 99, 100, 101, 102, 103, 104, 105, 106, 107, 108, 109, 110,
       111, 112, 113, 114, 115, 116, 117, 118, 119, 120, 121, 122, 123,
       124, 125, 126, 127, 128, 129, 130, 131, 132, 133, 134, 135, 136,
       137, 138, 139, 140, 141, 142, 143, 144, 145, 146, 147, 148, 149,
       150, 151, 152, 153, 154, 155, 156, 157, 158, 159 ]
